3.0000000e+003  6.5019507e+002 -7.9595076e+003
  3.0250000e+003  6.6910342e+002 -7.8530668e+003
  3.0500000e+003  6.8193908e+002 -7.7633866e+003
  3.0750000e+003  6.9930649e+002 -7.6840847e+003
  3.1000000e+003  7.0898140e+002 -7.5565433e+003
  3.1250000e+003  7.2696318e+002 -7.4813635e+003
  3.1500000e+003  7.5353307e+002 -7.3672339e+003
  3.1750000e+003  7.8595011e+002 -7.2465733e+003
  3.2000000e+003  8.0911327e+002 -7.1347077e+003
  3.2250000e+003  8.3122223e+002 -7.0440258e+003
  3.2500000e+003  8.6962952e+002 -6.9422847e+003
  3.2750000e+003  8.9863767e+002 -6.8350489e+003
  3.3000000e+003  9.2261875e+002 -6.7178404e+003
  3.3250000e+003  9.6357709e+002 -6.5970202e+003
  3.3500000e+003  1.0275563e+003 -6.4368279e+003
  3.3750000e+003  1.0788031e+003 -6.3312167e+003
  3.4000000e+003  1.1457324e+003 -6.2059953e+003
  3.4250000e+003  1.2088869e+003 -6.0774850e+003
  3.4500000e+003  1.2868814e+003 -5.9520621e+003
  3.4750000e+003  1.3941185e+003 -5.8203453e+003
  3.5000000e+003  1.4910639e+003 -5.6835976e+003
  3.5250000e+003  1.6336449e+003 -5.5150928e+003
  3.5500000e+003  1.7695033e+003 -5.3946650e+003
  3.5750000e+003  1.9171641e+003 -5.2845772e+003
  3.6000000e+003  2.0832058e+003 -5.1899879e+003
  3.6250000e+003  2.2677376e+003 -5.1006080e+003
  3.6500000e+003  2.5120947e+003 -4.9817412e+003
  3.6750000e+003  2.7060782e+003 -4.9264106e+003
  3.7000000e+003  2.9435458e+003 -4.9066389e+003
  3.7250000e+003  3.1819667e+003 -4.9110505e+003
  3.7500000e+003  3.4283429e+003 -4.9253981e+003
  3.7750000e+003  3.6918809e+003 -5.0002331e+003
  3.8000000e+003  3.9357477e+003 -5.1162119e+003
  3.8250000e+003  4.1935621e+003 -5.2569471e+003
  3.8500000e+003  4.4122987e+003 -5.4740841e+003
  3.8750000e+003  4.6176133e+003 -5.7226709e+003
  3.9000000e+003  4.7643200e+003 -6.0413421e+003
  3.9250000e+003  4.8505625e+003 -6.3926966e+003
  3.9500000e+003  4.8925288e+003 -6.7463609e+003
  3.9750000e+003  4.8529488e+003 -7.1168248e+003
  4.0000000e+003  4.7418635e+003 -7.4719813e+003
  4.0250000e+003  4.5435954e+003 -7.7536697e+003
  4.0500000e+003  4.3044533e+003 -8.0581394e+003
  4.0750000e+003  4.0095172e+003 -8.2756465e+003
  4.1000000e+003  3.7701065e+003 -8.4479496e+003
  4.1250000e+003  3.4471384e+003 -8.5707034e+003
  4.1500000e+003  3.1634899e+003 -8.6399697e+003
  4.1750000e+003  2.8786702e+003 -8.6184324e+003
  4.2000000e+003  2.6090688e+003 -8.6090602e+003
  4.2250000e+003  2.4024712e+003 -8.5757844e+003
  4.2500000e+003  2.1960430e+003 -8.4914681e+003
  4.2750000e+003  2.0184945e+003 -8.4205826e+003
  4.3000000e+003  1.8698397e+003 -8.3514874e+003
  4.3250000e+003  1.7232240e+003 -8.2702381e+003
  4.3500000e+003  1.6077302e+003 -8.1871054e+003
  4.3750000e+003  1.4969531e+003 -8.1163580e+003
  4.4000000e+003  1.3947922e+003 -8.0083032e+003
  4.4250000e+003  1.3018067e+003 -7.9236426e+003
  4.4500000e+003  1.2511413e+003 -7.8550237e+003
  4.4750000e+003  1.1659443e+003 -7.8015154e+003
  4.5000000e+003  1.0978080e+003 -7.7136010e+003
  4.5250000e+003  1.0309862e+003 -7.6253382e+003
  4.5500000e+003  9.9094803e+002 -7.5780941e+003
  4.5750000e+003  9.1852455e+002 -7.5024315e+003
  4.6000000e+003  8.6510210e+002 -7.4314155e+003
  4.6250000e+003  8.2057033e+002 -7.3736321e+003
  4.6500000e+003  7.8788763e+002 -7.3120543e+003
  4.6750000e+003  7.5636597e+002 -7.2327691e+003
  4.7000000e+003  7.1418981e+002 -7.1806205e+003
  4.7250000e+003  6.8250430e+002 -7.1141064e+003
  4.7500000e+003  6.4580842e+002 -7.0689011e+003
  4.7750000e+003  6.0717659e+002 -6.9963124e+003
  4.8000000e+003  5.9398928e+002 -6.9285852e+003
  4.8250000e+003  5.5550512e+002 -6.8742615e+003
  4.8500000e+003  5.5633623e+002 -6.8251935e+003
  4.8750000e+003  5.0924192e+002 -6.7569274e+003
  4.9000000e+003  5.0519766e+002 -6.7189138e+003
  4.9250000e+003  4.8802748e+002 -6.6615875e+003
  4.9500000e+003  4.7869885e+002 -6.6134479e+003
  4.9750000e+003  4.5606081e+002 -6.5548537e+003
  5.0000000e+003  4.3344059e+002 -6.5257613e+003
